82.46409502353234 -0.19484039182032162 76.01952916681785 0.0 78.4436730949669 0.0 0.0 0.0
78.43655511866353 -0.5490920386101861 -105.32331583505473 79.27801366416553 -105.60427224640961 82.12898624332101 -0.5550920386101861 -0.5750920386101861
0.0 0.0 0.0 0.0 0.0 0.0 0.0 0.0
0.0 0.0 0.0 0.0 0.0 0.0 0.0 0.0
81.12511976769584 0.0 0.0 -91.33313150138201 0.0 -102.10920397211149 0.0 0.0
85.90468640465784 79.29610847450652 78.48438707181096 -0.2622291236000337 83.3783775764839 -0.2682291236000337 75.57850966223367 0.0
83.43017312161201 75.75242981600897 -106.0238863679265 82.26430100511458 -106.21125414145688 85.52170865279058 -106.20413489987618 79.13568064159628
0.0 0.0 0.0 0.0 0.0 0.0 0.0 0.0
0.0 0.0 0.0 0.0 0.0 0.0 0.0 0.0
88.21574788528956 58.18631582272997 0.0 -102.14623720300247 0.0 -98.69910618842329 0.0 -100.74824267735151
88.55105565654698 82.252155137574 83.45103672212028 -0.21484039182032164 88.74115003548879 0.0 78.22951834434527 0.0
88.81374324253922 78.49293246683435 -105.39275012699339 85.59529585201568 89.86638729650436 88.07852783136178 -105.59694461458925 82.11211298308508
0.0 0.0 0.0 0.0 0.0 0.0 0.0 0.0
0.0 0.0 0.0 0.0 0.0 0.0 0.0 0.0
94.56569567273337 80.1732116358275 0.0 -105.50233489614834 0.0 92.33706974164787 0.0 -105.69995183931101
89.07656250296843 85.66788220027541 88.77385472433349 0.0 90.58616511117931 0.0 83.18319130174459 0.0
90.84073962926821 83.35021089537007 89.98162306312751 88.2614293621231 92.96641063082181 88.89906186868679 -103.38897590627303 85.36931744745004
92.95855192725107 -104.80555195502832 92.61424860586673 88.8161686899009 95.73592795553218 90.54041428570319 -105.02377181496362 83.23389627526525
95.71180721844334 -104.74468869284351 94.43264244916799 89.82157697784628 98.46674285434091 92.66732316609628 87.9863280758577 -104.96664483147408
98.65172698444538 88.09674389083132 0.0 92.53272757125696 0.0 95.58004999458481 0.0 -103.43631027427134
0.0 88.20812420877213 90.73885853685933 0.0 0.0 0.0 88.50805864705369 0.0
-0.12484039182032158 88.76961048861843 93.02796325076835 88.99858789335595 0.0 0.0 89.72854320079831 88.03561992841571
0.0 89.81547993570315 95.94823457588929 90.6370626851891 0.0 0.0 92.4329675025883 88.50538314284924
0.0 92.60088981398943 98.84395664401983 92.7885962883501 0.0 0.0 94.39090146406237 89.64128773655955
0.0 71.35901848965922 0.0 51.654186556712204 0.0 0.0 0.0 92.31272436946841
